1000529306
10012342
1003655180
1003858178
1004731904
100475365
1006300465
1006435687
1007886776
1008750492
1008989755
1010583482
101143749
1011464676
1011505669
1012388048
1012398272
101398186
1013997846
1018636016
101864897
1019166966
101925630
101935286
1020257318
1021652065
102215904
1024567477
102615033
1026474901
1026535471
1026709640
1027250287
102792867
1027949448
1028026110
102813171
1028191831
102826102
102843785
102978397
1030162896
1031773916
1031811378
103355247
103580551
1038152798
1039191980
103962214
1039724268
104008748
10424462
1042994132
10434272
1043436650
1043513557
104519838
1046238242
1046242988
1046800369
1047592176
104790170
1048549532
104870132
1048938914
104897975
1049030065
1049792036
1049941327
1051010923
1051403215
1051596097
1052040667
1052238174
105274139
105359785
1054698314
105560657
105577088
105597613
1056031880
105605699
1056059822
105606592
105638684
1056887311
1057298864
105733248
105737934
1057915123
105922496
1062541772
1064157584
1064312628
1064413597
1064484997
10647162
106489582
106558293
106576013
1066172514
1066872096
1067019974
1067111731
106842135
1068453895
10685872
1069717890
106982495
1070877860
1071566492
1071899642
107202155
107242167
1072454767
1072526839
1072781468
1074225458
107429808
10743532
1074713202
1074831302
1075108460
107611267
1076195394
1076214846
1076515633
107781192
1077818353
107789892
1078211426
107827153
107958433
108186498
1082410242
1082993880
108462428
1084963573
10856422
108700210
1088371471
1090166214
1090317368
109149597
1092278886
10924412
10926482
1093050703
109380627
1094099594
1094130590
10947212
109558346
1096234856
1096241323
109758899
109798070
1099534231
1099571448
1100253632
110265222
110318648
1103906856
1105998918
110633585
1107096824
110727546
1107311599
110736418
1107481592
1109322336
1109794711
111104155
111128555
111145500
111188050
111233298
111249420
111260089
1113773941
1114008205
111427266
1115701154
111586718
1117496040
1118396431
1120542710
1122235410
1122239028
112250126
112316372
112326932
1125844980
112586705
112614146
112773608
112789779
1128736399
1129243544
112925045
1129349773
1129570916
112967246
113124668
113137765
1131605570
113171057
1132050854
1132062200
1132735352
113418594
113465750
113509198
11353012
113714368
1137950484
1138327201
113965001
113983688
11400972
114112705
1141177086
1142617164
1143077923
114406164
1144480100
114460665
114584062
1145852736
1146881850
114708066
1147751312
114777835
11485712
1149031225
114938652
1149694885
1150005937
115170057
115227131
115293777
115314922
1153176584
1153209061
115374108
1154242788
115516893
1155470035
1155952808
115601411
115702933
1157488406
1158638822
1160693281
116076808
116106706
116106897
116178570
1162694941
116347255
116375949
116454409
116512570
1165150196
1166107657
1166320398
116634902
1166485016
116662886
116736296
1167729638
116790794
1168238479
116845322
1169124482
1169841324
11707892
117133589
1171764800
1172266843
117276020
117277446
117292850
1172949882
1173450415
117360246
1173634350
1173789582
117545816
117547928
1176391584
1176463267
117653428
1176542293
1176746210
117898971
1179117890
118112029
1181550102
1183142844
118320589
1183816297
118392055
118443814
1184643894
11860522
118652552
118723847
118745710
118820167
1191239780
1191729163
1191798355
1191996972
1192271436
1192611972
1195226809
1195739335
1195890246
119723395
119798012
119815139
119875975
1199028391
119934443
1199886116
119991339
120093004
1201662122
120186182
1202302902
1202646156
120279200
120492520
120544074
1206177620
1206446370
1207118299
1207365067
120862081
1209262782
1209892279
121040835
1210409965
121103255
121112852
121213203
121499408
121504067
121875353
1218795710
122028557
1222745113
1223421714
1226427252
1226464069
1227418316
122810456
122845487
1230445170
123059801
1230863910
1230996367
1231563937
1231688760
123172658
123203580
123227057
123306041
1233478351
123357747
123413442
1235304079
123616186
123666193
1237482308
123748565
1238795592
123884684
1238964110
123963442
1239768272
1240475401
1240999784
1242047425
124225873
124251944
1242618474
1242706969
1242850398
1243776913
1244200472
1244785752
1244826434
1245233690
124579384
124586047
124627010
1246640292
1247469894
124859553
1250682696
1251315517
125139540
1251453475
1251964495
1252320816
1253442547
1254092694
1254202212
125508744
1255395978
125583427
1255964756
1258157606
125830255
1258419817
125875297
125904758
1260153174
1260388530
1260486655
126161353
1262826956
1263343356
1263364200
126469712
1265769998
1266315343
1266369691
1266372817
126800470
1270428943
1271470933
1271750239
1272911743
127341698
1273574178
1274422645
1274931392
127637026
1277289960
1277454542
127761044
127812328
1278978524
1279408736
127977167
128062953
1281137695
1281877094
128252156
128255348
128387138
128427328
1284287208
128654515
128690496
128781497
128905765
128908680
128949647
1289748907
1289915136
129115501
129547690
129636453
129637624
129676391
1299083940
1301217740
1301496570
130193361
130196993
130296716
1303983480
130485434
1305154958
1305611653
130564833
130713274
13081242
131002836
131014828
131082277
1310978370
131114297
1311371990
1313173068
131335674
131341282
1314217500
1314739056
1315064035
1315164086
1315779049
1317443215
1318542156
132001468
1320164749
1321071409
1321235232
1321313611
1321393400
132172221
1322785753
1323169428
1323229609
1323366451
1323425388
1325273869
132546153
132593691
1325970948
132603349
132609498
132619589
1326377293
132672132
1327352610
132784200
132789518
1327936304
1328113068
132816615
1330244048
1331027862
133121421
1332655236
1332827660
133413133
1334311238
133476263
1335359474
1335425918
1335462446
1335585896
1335929934
133608331
1336847364
1337490104
1337824454
133880468
1339831081
1340383812
1340656639
134182164
13419902
1343014506
1343501892
1345093688
1345890378
1346488202
1347065635
134720693
1348490354
134891802
1349809874
1349866494
1350745686
1351247155
135255280
135327934
135385733
135480960
1356030014
1356157154
135620752
135678767
1357963177
1357992846
1358379114
1358543132
1358731500
135992338
1360717693
136102337
1361327598
1361845044
1361915352
1362550088
136268915
1363123650
1363180867
1363220233
1363646881
1365176286
1368259963
1368569077
136872284
1369552580
1369785158
1370261118
1371662304
1371796633
1372789909
1374039098
1375185918
137525850
1375893104
1376265474
1376976380
13777142
1377743636
1378171489
1378347264
137859907
1378651638
13786552
1379053122
1379749862
1379750581
1379940613
1380563257
1381007040
1382877908
1383327914
138337483
138346686
1383543324
1383887893
1385975335
138684458
1387801998
1388170878
1388719459
138944368
1389763034
1391777312
139177901
1391985114
139292752
1393347853
139434522
13946362
1395299281
139827941
1398515984
139975269
140025688
1400724302
1401011058
140176303
1402414639
1402954489
1403562036
1403851
140542416
1406217518
14068645
1407180012
1408133592
1409965554
14102356
1410846757
1411423232
1411562510
1411723591
1411825880
141275519
1413149532
1413339252
1414615934
14151103
1415756282
14161664
14162382
1417033268
14171053
141847006
1418930875
1418938490
14189497
14191782
141957733
1420325221
142037124
14212458
1421728442
1422318841
1424028409
142413785
1424237575
1425500808
1426279560
1426921
142764189
1428510679
1428723944
14300045
1430581070
1431436446
1431929743
143282959
14341268
1434291144
1435309448
143550912
1435764450
1436138376
143614361
143685198
143698729
1437276006
1439014196
1439042460
1439139938
14392734
14393540
1439814709
14405342
144075137
1441084062
1441524008
14424093
1442626656
144283933
1443723240
14445427
1444923284
1445739823
14457530
1445819526
14458643
1445918390
1447672292
1448006468
1448100367
1449396308
144989492
14501769
14502380
145103288
14518363
1451947652
14522887
1452487207
1452638052
1452717864
145278606
145345906
145400290
145404165
1454383021
1455740023
14573557
14574035
1458047700
14584466
14589784
14596359
1459955407
1460549084
1461010236
146106664
14612263
146138665
146181409
146254107
1464599533
14654908
146583795
146608835
146628381
14667729
14669097
1467002492
14671033
146783281
1468643130
146953522
14695981
1469858054
147030458
1470771138
1471509319
14719833
14727238
147300717
147314027
1473203023
1473472530
1473704138
1474091508
1474951908
1475118602
147654098
1478180431
147851744
14787799
1480074014
1480486860
1480781898
14810054
148121248
148170313
1483114555
14835528
14840382
14846123
148604658
1486296979
1486308726
14865775
1486744616
1486801926
1487152627
148853716
1489388040
148943553
1489903256
1490350604
14905123
14929952
149400264
1494168156
1494539414
1495943988
14960347
1496297743
14969446
14987233
1498879788
1499585425
14997296
1499808391
1500338640
150123666
15013100
15035654
150417285
1504481774
15046796
15051116
15059030
1506367692
15068060
1507555004
15079870
1508522575
1508536946
15089489
1509609404
151139728
151179397
15118142
1512484440
15126876
151364941
1513769917
15150783
151512160
1516445281
15166318
1516814155
1517189442
1517511794
1519827379
152037766
152105782
15225831
152261350
1523622169
1523938976
1523949637
1524421075
15246783
1524887035
1524899581
152516059
1525377674
152627993
15269526
15269837
152788553
152864685
15287164
152938865
1529489418
1529923784
1531368576
1531603904
15320835
153215361
1532392730
1533966793
15348894
1535291910
1535339618
1536656418
1537181251
1537828406
1539013105
154058203
1541356034
1541997972
15422435
1542293558
1542685398
15443521
1544372160
1545016376
154540847
1546486261
15469786
154704806
15477254
15486485
15491724
155002143
15504973
15508203
1551372187
1551727622
15519174
1552859514
15528716
1553740482
1554183139
1554468102
1554633498
1554838501
1554910837
1555386392
155574103
155635152
15566199
155681266
15575528
155804913
15582444
155891610
1558996520
15595780
155971820
156026357
156056743
15612415
1561988370
15624911
156285331
1563017233
15634121
1563454700
156350488
156382488
156439279
1564477238
15645141
15645296
15649035
15658720
1568461796
1568651371
1569159080
15703541
157054651
157074945
1570985798
157150573
157166978
1573488073
15745564
157467140
15747932
157486431
157587938
157628660
1576590307
157732365
1578494773
15786510
158093798
1581554946
1581572598
158180639
158208055
15829454
1583455418
15838748
158403832
15868200
158684381
158764508
158815850
159001970
159034813
1591038127
159146766
1591856988
1592191417
159307390
1594688036
15959852
15967046
159708757
159779616
159793814
15995805
159987815
16002530
1601519412
160183180
160216924
16037665
1604408894
1604819833
1606233277
16064267
160662502
160761208
1608160694
16086218
1608636517
16088638
160969376
16098219
161027554
16104691
161052810
161113714
16120216
161277908
1613085872
1613601134
1613723425
161469460
1615255022
1615491378
16160712
1616345101
16166161
16191012
16196401
16197780
1621293182
162388887
1624503672
162504865
1625606545
162572003
16270846
1627822220
1628717587
1628855005
1628993570
162932753
16296254
1631030527
16324353
1633459093
16335102
1633766863
1634829480
163491404
163593566
1636150927
163641080
1636510687
1636823246
163796311
1638689083
16387121
1638938258
1639411646
1639450237
1639658936
1640503285
1641108439
16411336
16414733
164162472
16428093
16428624
1643794290
164410987
164437125
1645425391
1645441250
1646729906
164689788
164726313
1647737498
16481045
164825067
1649137771
1649219880
1649485392
165049808
1651630159
1651871454
165206027
1652250301
165366396
1654013862
1654061821
16545940
165495108
1656225386
1656326443
1656516662
165692976
165695481
1657213111
16572224
1657566524
16575848
1657633058
1658192005
16584467
16585605
1659095629
16593136
16593333
1661233466
16613101
1661619350
166278542
16629671
166366113
1665737941
1665846997
16661459
1668558518
1668575136
166898080
167009538
1670317082
16710197
1671029934
1671494820
167225705
167314261
16740511
167460855
1674807686
16754348
167604864
1676715715
1679096065
1679333454
16803128
16820189
1683985212
1684231032
16846426
16847164
168572900
1685933647
1686315325
1686564961
1687001383
1688675810
1689242101
168929372
1689540884
1690280346
169067158
16907980
16908775
169252653
16939094
16942126
1694945473
169501111
1695045578
1695275784
169684783
1697488478
16977651
16981465
1699293338
1700482940
1700685068
1701206022
170154802
170240467
1702895521
170330429
1703360888
170408228
1704105877
170416733
1705579975
1705989870
170621102
1706255353
170719160
1707885074
17092219
1709230465
17093617
1709898655
171027546
171030984
1710540307
17108219
1711821
17121606
171280752
1712939281
1713182929
1713712170
1713794778
17141121
1714377738
1714849153
171668831
171671452
171720111
1717201566
1717465081
171798606
171848975
17185301
171866378
1719763418
172008006
172038604
1720622760
1721196991
1721290790
172130238
17217856
1721894328
1722185755
17223116
17226803
1722795805
172288597
17230720
1723074320
1723493136
17237783
1723833816
1723897566
172406755
1724144856
1724266592
1724307504
1725455054
1726270417
1726774489
1729794085
172982325
1730296904
1730320867
173161020
17325645
17325647
173275200
1732897429
17342681
1736419933
173646245
173701411
173928591
173956129
17396756
17446549
174466246
174730252
17480934
174911354
17503749
175116248
175226681
17527237
17532059
175428809
17546457
17568218
17582665
175958307
176283529
17630286
17648141
176636840
17665210
176687333
176736800
17684188
176874550
176945602
176971821
176992786
17701324
177018643
177111854
177512397
17778367
17810854
17825364
17832709
178410684
17847908
178786993
17883005
1788411175
17886742
179216418
179362267
179429879
179445426
17945047
179513391
17952975
17956471
17980384
1798176871
179884070
18006452
1802053579
180212677
18026323
18027864
180548361
18063365
18075499
18077818
180909858
180922583
181099341
181219456
18146977
18150907
18198622
18200596
18204002
182047979
182259340
182422137
18248170
18261145
1828204028
18302933
183126361
183282400
18328421
183285027
1833583910
1835789550
18367999
1838913247
183993932
184043450
18418903
18420291
184310053
18436606
1845164713
184632904
1849303465
18494029
1850271619
1850709793
185177948
1852080367
1852095463
18523164
1852732298
1853228562
1853243076
18546022
18547144
1855007078
185514579
1855734715
1856993125
1857804967
185819219
1858786956
185888031
18597075
18603506
18612162
1861535240
1862570670
1862571278
1862946546
18634102
18636404
1863644514
18643800
1864813496
186704218
1868582228
1868768142
186996039
187026978
18710405
1871681678
18729110
1873526910
18745306
1875407850
1876680134
1877198120
18773864
187770875
18783993
188022249
1880389610
18805147
188112927
188164893
18823950
1883288858
188412414
188414672
1884946086
188750594
1888415868
1888791667
1889298834
188938976
189125881
189224029
189265960
18926788
1892901222
189314354
1895470068
189702837
1898284244
1898295032
18992010
190120245
1901500381
19018817
190249654
1903622864
19045097
1904943792
1905399398
19073818
190823411
1908499862
1909243326
190953151
1909985516
191060984
1911437875
1911667621
1912133395
1912270404
19123126
19124682
191282392
1913351611
1915707343
1915981417
19167724
1917611604
19178396
1918414705
1918726687
1920389563
1920642324
19211812
1921488582
192230195
19224886
192289134
1923108097
1924570999
1927165896
1927441783
192750449
1928586194
1928681300
19305811
19308961
193096546
19313066
193138465
19318074
1932621584
193271047
193562512
193571821
19357670
1936359942
1938767028
1939471255
193976920
194028988
194144443
194246779
19454588
1945697298
1945809098
194687770
1946902675
1947064356
1947709525
19490427
1949538295
1952149838
1952528058
19539661
19548072
195504366
1956578654
19567040
19574238
1959421836
19595289
1959704875
1961103252
1961120833
1962647924
1963454568
196350226
196432702
1964928762
1967008518
196756066
19679151
196976689
1972006632
19722896
197421420
1974814879
1975143980
1975777561
197591752
1977636613
19785606
197882592
197920973
197952931
198175777
19866144
19875513
19880868
198915373
199129203
199168931
19947782
19962687
19973561
199788362
199823640
19982878
19991211
20031359
20066419
200854596
200879753
201086371
201105859
20116250
20128330
20145841
201724222
202019047
202114024
20222813
202660634
203153682
203230517
20330269
203307994
203389178
203466008
203756288
20382587
20383
20386619
20405452
204447420
204676856
20469946
204781305
204875285
204881111
204953620
205139142
20526472
20541103
205697458
205785260
205837266
20584961
20589568
20605481
206173386
20631194
206466095
20647617
206535771
206571590
20664158
206775664
20717911
207191845
20726044
208041684
20824522
20828432
20833440
20833775
208345104
20843548
20859766
208798621
20880905
20902206
20905701
209376127
20945241
209513181
209525308
209630497
209669688
20973159
209806029
209839643
210167515
210218245
210308712
210445804
21049282
21060711
21093440
210944380
211005490
211184464
21122150
21124657
211258100
21138801
211593389
21166193
211954529
212031443
212092450
212639470
212784184
21290776
21295919
213026359
213238611
21324919
213271196
21333697
213555270
21362898
21371939
213766879
213791295
2138681
21404725
214060531
21436890
21449974
21472535
21479141
21484526
2148499821
2149165795
21498846
2149948976
21508760
2150879502
2151287469
215146137
2151571708
21534321
2153481649
21536352
2154120858
2154576445
215526712
215543214
2156127438
21561447
215625445
2156365395
215677160
215702742
21573892
2157683219
215779774
2157853985
2158668016
2158868617
2159602956
215985553
2160594899
2160909350
2162367608
2164190306
2165335610
2165770482
216579396
2167016964
2167295090
2167610257
2167729699
216894455
216910756
216932265
2169646448
2170102245
2171025691
2171067894
2171165569
2171338310
2172172229
21722318
2172414212
217300236
2173634665
21739381
21740553
21744026
2174759425
2176854860
2177127949
2177391164
2178904592
2178917641
2179190077
2179246670
2180716357
2181035041
2181045176
218137954
2181751604
21820092
218206813
2183241595
2183472313
2183548688
2183835056
2183962800
21841474
218493884
218537803
2185387501
21863058
218643712
2186884388
218713135
2187233760
2187572066
2187662275
2190008708
2190682908
2190860905
2191462658
2191831080
219201228
219204598
2192614110
219349730
2193894922
21943677
2194553040
2194609926
2195216598
2195483984
2195928210
219809191
2199227605
21994746
2201679450
2201768004
2201972708
2202291643
2202301848
22025945
2203648632
2205623655
2205759579
220597065
2206059865
2206081743
2206192107
2206283401
2206317236
2207912340
220842543
2208483629
2209578445
2209598131
2209980606
2210145408
2210848837
221110379
22111147
2211146702
2211224596
2211396282
2211568028
2212352816
2212548716
2212762603
2212820591
2213263826
2213501226
2214816841
22164508
2216584854
22166232
2217561546
2218014494
2218292840
221834518
221835909
2218373738
221868768
2219466560
221967789
221990852
2220503312
2220621966
2221091982
2221694352
2222351637
222264827
2222713620
2223785844
2223926278
2224061724
2224999748
2225712510
2225786532
2227097804
222761106
2227896161
2228291055
22285609
22288931
222950383
2229667098
2229820326
2230411363
2230804068
2231003461
2232448621
223274862
2232761222
2233169906
22346865
2234693124
2235210511
223558846
2236273680
2236600928
223673509
2236744922
2236937546
223724915
223782598
2238220645
2238233881
22385537
2241038000
2241233886
2241390536
224231200
2242547935
2242568360
2242878637
224310598
2243116344
224329419
2243372742
22437170
22438126
2243915685
224396899
2244398629
22448336
224489481
2246105347
224696285
224733479
224763806
224797393
2248885669
2248904930
2249242997
2249259317
2249760552
2251517066
22515504
2251639206
225283243
225301576
2255586004
22557046
2255877222
22565029
225740520
2257564360
2258410562
225989572
225994972
22605063
2260645616
2260706071
22614313
22628356
2262923400
226293658
2263249213
226329769
22640659
2265131550
226523183
2266294554
2266572848
226664920
2266684231
2266870136
2267631350
226765385
2267762593
2268077719
226828325
22688017
2269320684
2269969039
2270857670
2271728328
227173814
22718676
2272126135
2272215830
2272400989
2272450057
22732107
2274563612
2274666865
2274826146
2275538935
2275683401
2276337589
2276637241
2276795042
2276955589
2276993946
2277124122
2277185970
227772133
2278199174
227823216
2278437673
2278733282
2279505289
2280262254
2280295153
2280431934
228049803
2280846457
228136935
2283567114
2283905756
2284054074
2284192039
2284402388
2284459042
2284707449
2285819533
2286070681
228625333
228651813
22865374
2287220946
2287239331
2287619328
228830424
2288462990
228882117
228956334
2289664622
2290449186
2290486681
2290647468
229114783
2291753846
229195612
2292797061
2293075705
2293373695
2293473157
229381568
229429585
2295027397
2296819393
22979971
22981531
2298455616
2298476682
2298688470
2298696859
22987102
230085840
2300928912
230116877
2301722142
23021145
230304139
23036010
2303671280
2304116065
23050300
2305048443
2305353847
2305805642
2305869624
2305940389
2306160673
2306980651
2307021294
23082652
230830952
2308326769
2308727306
23099935
2310163230
2310394356
2310429786
2311000321
2311081692
231114747
231124010
2311435027
231197338
2312424494
2312957817
2313333911
231497614
2315119063
231660702
231686670
2321781750
23225133
232266535
232309504
2323179422
232330808
232387128
2323900296
2324740724
232480749
2325714650
2325810888
23260256
2326251870
2326309104
232661283
2327051
2328447870
23284540
2328880051
2328921373
2329374465
2329511558
2329542980
2330643800
2330987621
2332314889
233386217
2334245261
2334350426
2334885331
2335029895
2336050548
2336838734
2337381060
23380438
2338574506
2339700744
234036112
2340785706
2341149306
234136889
2341600855
234212106
234219226
2342474884
2343093146
2343102973
2343134822
2343381750
2343461185
2343672078
234390763
2343922427
2344336825
2344535220
2345381918
2346126439
23467651
234737629
2347924019
234813236
2348789174
2350878248
23513067
23515785
2351814301
2351927796
2352351924
2352549415
2353741513
2353828890
235473098
2355244596
2355366848
2355439910
2355579798
2355604568
2355961
2356203992
2356210478
2356720027
2357128639
2357541476
2357977123
2358702811
2358838302
235914378
2359405026
2359888530
2359958017
2360078940
2360207084
2360346678
236041388
236111216
236229462
2363163780
23633681
2363504624
2364363972
2364424627
2364611376
2364769633
2365096458
2365410692
2365430234
2365917895
2366135694
2367348920
2367610315
2368078992
2368238089
2368624716
236869152
2369118536
2369160668
2369562806
2369580122
236992559
236999820
23701638
23720319
2373293714
23735148
2374093490
2374226594
237430424
2374614504
237472115
2375850864
2376090810
2376103069
2376346975
237668125
2376881202
2376989984
237844654
237916618
2379571704
2380138921
238093393
23810566
238115167
238253883
2382626408
2382709399
2382819055
238351833
238435298
238485149
2387097840
238776286
238889855
2389114560
23892725
2389399976
2390053111
2390684480
2390934942
2390954820
2391349315
239182064
2391961423
2393066191
2393327274
23936236
2393637650
2394125382
2394163368
2395311450
239580145
2396779855
2396961450
239757403
23978832
239895630
2400395312
2400678409
2400888991
2400953280
2401110481
240115664
2401688148
2401695084
2401987555
2402273059
2402331451
2402784480
2402890705
240338932
240345006
24043809
2404824318
2405656379
2406143498
2406388177
24068503
2406925874
2407691
240789580
240790543
24083856
24089505
2409792248
2410002998
2410129064
241036347
2411339005
2411390324
2411433529
2411572200
2411604762
2411665232
2411727558
2411867900
241318111
2413224626
2413334196
2413544655
2413817191
2414294106
2414516991
2414940709
2415660108
2415684932
241641179
2416748209
2417683729
24177596
24194455
2420459282
2420502979
2420903660
24209098
2421369618
2421437366
242182529
2421921523
2422201032
2422290314
242229655
2422471106
2422675742
2423112738
2423373294
242339333
2423425960
242370400
242383910
2424010902
2424650808
2424974508
24251887
2426413543
242696834
2427241170
2429396347
2429455741
2430476576
2431038853
2431466862
2433066895
2433461114
243369250
24338060
2434082125
24342049
243439119
243546419
243555574
2437204110
243739078
2437486722
243755769
2437634414
2439197856
243926606
24393079
2439923214
24402588
2440522699
2440863267
2441732906
2442681330
2444455256
244592761
2446045081
244604905
244625381
24464724
24465244
244672046
2446794360
2447300910
2447545506
2447843570
2448237736
2448284772
2448318350
2448345704
24494600
2449690355
2449721005
245069148
2450829805
24509096
2451300523
2451911724
2451935870
2451954210
245210178
2452344840
2452372932
2452662734
2452803787
2452967196
2453572304
2454270684
2455466714
2455692966
2455862808
2455878782
2455998675
2456822375
2457378467
245819356
2458365940
2459051713
245978085
2459791879
2460392036
246041593
2460595524
2460864036
246094276
2462085907
2462785775
24628431
2463208297
2463396996
2463846487
2463867379
2463964754
246467722
246497437
246506495
2465896269
246623246
2466340032
2466519709
2468855340
2469291589
2469617234
2469628070
2470209199
2470252524
247142874
2471613314
2471634829
24716566
2471786407
2472345802
2472399354
247240305
24727062
2472928585
2472984162
2473281732
2473324142
247371000
2474194081
2474650254
247539124
24754569
2475504456
2476151496
247623008
2476351008
2477197932
2477296003
247742093
247748720
2477539748
2478230610
2478660487
2478668460
2478796496
247906132
247926136
24797048
2479927898
24799767
2480159552
2480177340
2480302939
24805460
2480693095
24807171
248206059
24824575
2482532378
2483319469
248478594
248485957
2485051058
2485508100
2485670676
24861680
248759694
2488304460
2488393098
2488627670
2489189845
2489227429
24895581
2489588714
249049088
2490880711
2492324996
249305293
249317235
2493474488
2493714877
2494152044
2494398422
2495269099
2496134157
2496764197
2497064084
2497451714
2497653734
2499729524
2500154670
2500266979
2500968973
2501331750
2501538151
2502368097
250267964
250279316
250340389
2504059135
250463454
2505582426
2506164654
250622574
25062440
250665260
250769408
2508309475
2509061239
2509271040
25102369
2510859253
2511346586
2511767497
25118088
25129372
2512973712
25133507
251343416
251392354
2514131849
2514446251
251460537
2515050787
251512062
2515918002
2516075665
251648657
25171932
25179917
2518850268
25190125
2519434131
2519438100
251957562
2519740804
25198840
252013564
25204604
2520520582
2523697908
252375781
252391572
252489033
2525048365
252514583
25255797
2526067658
2526280512
252797862
2527987621
2528060191
2528145762
2528420473
2528933742
2529074661
2529360038
2530327633
253036168
2530819766
2530895724
2530920164
2531381696
2532362760
2532648118
2533186460
2533361929
2533644326
2534059742
253412999
2534342832
2535139940
2535298746
2535516816
253602938
2536050038
2536308602
2536365402
2536616364
2536793786
2536842588
2538361592
253872292
2539093465
253928053
253932197
25396654
2540258191
254038923
2540554388
2540589692
2541552880
2541758438
2541766878
2541968556
2542137432
2542689475
2542693039
254316614
254331584
2543434088
25445796
254475372
2544853110
2544931616
254611950
2546569084
2546950760
2546998111
2547125580
2550160219
2551060622
255117788
255160382
255200870
2553371072
2553479664
2553480625
2553629011
2554050907
25545511
255653063
2556707266
2557016113
2557524457
2558316828
2558739331
2559176472
2559216134
256043117
256058174
2560677051
2561040017
2561228172
2561553032
2561555594
2562062318
256206338
25622873
2562406555
2563030626
2563254487
2564079834
25643654
2565021088
2565258649
256562386
2565834254
2567570881
2568288797
2568602828
2568749329
2569102596
2570241299
2570317315
2570669202
2571342366
2571813258
2572983516
2573018796
2573636466
257443461
2574871356
2574913817
2575088882
2575314530
2575551264
25755952
2575966621
2576049210
2576448703
2577137779
2577460937
257756119
257800378
2578138580
2579224845
2579483762
25797934
257993090
2580266126
258032912
2580571867
2580747638
258083321
2581172502
2581230306
2582152334
2583146953
2583162613
258402996
258411343
258413365
258455685
2584948459
2585165988
258536540
258636180
2586668166
2586960517
2587304504
2587451768
2587879814
2587908458
258806618
2588257356
2588663610
2588754570
2589671154
2590122832
2590507640
2590596092
2590630854
2590673588
2590942380
2591404448
2591631931
259190665
2592420794
2592505574
2592632125
25927878
2592807740
2593407877
2593996916
2594026932
259415613
259448011
2595446042
25957745
259584301
2595871501
2596941423
2597127283
259740598
2598108150
2598183050
259835267
2598430662
2598447919
2599170925
2599737889
260006058
2600360844
2600708797
2601995437
26021702
2602947044
2602974174
26036434
260382486
2603857171
2604629828
2604657960
2604932167
2605149460
260574794
2606764411
2607290564
2607997413
2608828741
26090803
26091252
2609213300
2609222161
2609281482
261020525
2610418830
261091273
2611808124
2613183703
2613306276
2614000440
2614008763
2614113042
2614211006
2614352281
2614672476
26148285
2615396544
261545192
2615968237
26162421
2616357517
261637006
2618545285
2620056154
2620108890
2620537827
26213211
262289290
2624644843
2624722472
262538589
26255037
26258609
262704738
262725476
262782961
262952497
262999623
26308667
263146526
26316941
26319990
263223424
2634662030
263516252
26382067
263825098
26385735
2638794410
26391903
263999860
264010343
264122287
2643123613
2644656877
264544779
2646093800
2646485298
2647192213
2649000774
2649204961
2649652772
2650178826
2650252662
2651058344
2651178775
2651464544
2651509292
265163809
265220205
2652479144
2652997692
2653204868
2653578510
2654010186
265465256
2654772645
265504088
2655467831
2655771433
265592480
2656159022
265628899
265632121
265727223
2658643291
2659439533
2660584224
266071910
2660734270
2660960467
2660982998
2662173163
2662200498
2663471664
2663980988
2663983971
2665269221
2665835132
26658684
2666284166
2667171542
266766276
2667971587
266836389
266918683
266956531
266962037
266971655
26697377
266983729
26699495
2670923636
2671115472
2671827768
267363667
267394772
2674122581
2674691239
2675674699
2676061405
2676148213
2677773841
267837387
2678507624
2678804532
2679282464
2679775596
2680064462
2680594818
2680842204
2681467501
2683063328
2685645746
2685889375
268606834
2686367732
2686503686
268776396
2687908072
2687954035
2688435174
2689058305
2690039053
269031693
2690628133
2690980352
2691080042
2691185353
269131395
2692233198
2692910600
2693886462
2694180048
269421413
2694521102
2694612294
269482105
2695130528
269531717
2696828833
2696995008
2697034723
2697057012
2697205598
2699887286
2700924444
2701325018
270152253
2701617788
2701708464
2702894702
2703453703
2704214133
27049695
2705642732
2705890213
2705892739
270599666
2706287791
2706489342
2706872372
2707713408
270780688
2707876010
2707983209
270854131
2709936560
2710070569
2711669247
2711855560
271242259
2713022749
2713553820
2713974278
2713978838
27141515
2715426277
2715658130
2715935234
271593877
2715948486
2716235946
271653914
27166520
2717847090
2717907480
2718232549
2718621408
2718786218
2719875223
272011924
2720298079
2720803050
2721267708
2721824923
2722244598
272270018
2722909968
2722999843
272321472
2723241760
2723759671
2723761986
2723969942
2725348507
2726075530
272696378
2727437486
272815857
2728277461
2729026630
2729298959
2729454831
2729513808
2729647024
272972070
2729910658
2730079730
2730340676
2730449132
2730495284
2730534031
2730765641
2731149727
273179570
2731943386
2732171486
2732224526
273308933
2733170354
2733405548
2733723912
2734056726
2734751460
2734968641
273534481
2735471107
273550508
2735597627
273576329
2736211110
273651058
2737732310
2738543068
2738670757
273871682
273912888
2739238261
27393948
2739471613
27395725
2739760104
2740362115
2740429952
2740563252
2740606011
2740960104
274096362
2740976551
2740980668
2740994468
274109576
2741322954
2741527478
2741726642
2743059763
2743126036
2743479715
274375638
2743766990
2744002243
2744134237
2744280818
2744423084
2744647933
274467038
2744720119
2745060634
2745305204
2745362624
2745496827
2745677773
2745888902
2746420754
2746468578
2746779354
274684809
2747114010
2747412918
2747504632
2747610072
2747746256
2747930582
2748317276
2748449714
2748762939
2748796615
2748915996
2749249678
2749364511
2749632593
2749649281
274988192
2750075636
2750149424
2750540726
2750667659
2750671308
2750684792
2750795119
2751132811
2751149360
2751156193
2751208406
2751211435
2751259861
2751260533
2751267097
2751285134
2751361784
2751414806
2751837302
2751877154
2752104841
2752148591
275218718
2752284360
2752405903
2752436653
2752526264
2752756375
2752790288
2752863037
2752897908
2753194706
2753214152
2753224729
2753493066
275353729
2753607331
2753697907
2753720180
2753751943
2753763806
2753872050
2754063194
2754126522
2754133170
2754140995
2754181772
2754204228
2754262381
2754391939
2754829862
2754923311
27551876
2755263475
275551337
2755679168
2755947472
2756007488
2756240359
2756361151
2756361617
2756519721
2756664498
2756778785
2756873076
2756919991
2756927029
2756966040
2757067388
2757122510
2757156560
2757253831
2757511134
2757551267
2757659493
2757793657
2757871330
2758200416
2758201197
2758213604
2758222104
2758670870
2759087498
2759122319
2759436509
2759582555
2759605824
2759780366
2759914045
2760089122
2760345793
2760398748
2760482854
2760592636
27609616
2761004018
2761005483
2761142213
2761277832
2761332900
2761338135
2761677271
2761677678
2761689456
2761808526
2761884932
2761929301
2761958018
2762008302
2762040392
2762063161
2762314511
27626694
2762784648
2762844274
276289924
2762970858
2763640102
2763719531
2763776798
2763789360
2763845102
2764011498
2764172964
2764337223
2764516585
2764730510
2764883464
2764890925
2764897681
2764992865
2765149336
2765206075
2765313978
2765367181
2765439610
2765738045
2765797423
2765809520
2766169103
276662732
2766739136
27667643
2766809723
2767148298
2767392276
2767683163
2767726283
2767790767
2767816226
276808760
2768226973
2768392892
2768481052
2768492653
2768508596
2768537976
2768593839
2768683419
2768865631
2768903437
2768959404
2769179923
2769200810
2769209833
2769260616
2769265765
2769320971
2769442569
2769925180
2769935160
2770281900
277039971
2770612286
2770741455
2770813694
2771118240
2771184607
2771226512
2771235643
2771307204
2771502816
2771537612
2771636521
2771661324
2771680909
2771753765
277179712
2771858395
2771872525
27719084
2771912760
2772025208
2772058021
27721310
2772212521
2772214208
2772240884
2772263036
2772264097
2772324241
2772364418
2772374611
2772395353
2772445665
2772591943
2772694988
2772822450
2772850730
2772953185
2772977344
2773096975
2773121234
2773240883
2773305262
2773896588
2774031603
2774051122
2774211695
2774340015
2774389553
2774425876
2774445121
2774580967
2774583598
2774592194
2774630336
277475162
2774806388
2774973672
2775020448
2775032478
2775294374
2775390061
2775396834
2775492818
2775504008
2775566492
2775572472
2775621270
2775714218
2775729086
2775737786
2775825558
2775894696
2776031265
277608535
2776149412
2776228254
2776291271
2776346854
2776376812
2776513206
2776543894
2776641401
2776665954
2776802352
2776819426
2776929052
2776958707
2776960208
2777017109
2777071910
2777083032
2777177352
2777193438
2777197519
2777281381
2777313128
2777326004
277735954
2777458138
2777511878
2777553030
2777594472
2777611098
2777647056
2777680183
2777689748
2777692320
2777726899
2777814540
2777843108
2777875626
2778164377
2778173422
2778455244
2778552528
2778570511
2778664934
2778720415
2778769705
2778816007
2778865057
2779045154
2779167905
2779175495
2779181058
2779200920
2779236164
2779344470
2779579543
2779761240
2779948963
2779991443
2780039836
2780069678
2780075550
2780087551
2780184986
2780401641
2780446588
2780510228
278069156
2780772273
2780887513
27808986
2780919180
2780922997
2781041946
2781118116
2781159212
2781177920
2781237630
2781285660
2781316224
2781320095
2781349574
2781384026
2781411434
2781460190
2781531780
2781610628
2781689611
2781738769
2781762198
2781799602
2781805422
2781843242
2781867730
2781900968
2782041548
2782089679
2782146499
2782188993
2782224720
2782269553
2782331270
2782386259
2782394828
2782398888
2782401992
2782508616
2782622102
2782715964
2782733486
2782754617
2782756512
2782761216
2782772825
2782793029
2782873104
2782930758
2782932836
2782955376
2782981740
2782986856
2782990274
2783018803
2783038465
2783049367
2783080351
27830822
2783115036
2783132389
2783166332
2783191706
2783203915
2783210702
2783223626
2783252180
2783264089
2783269123
2783280925
2783363635
2783413260
2783426917
2783508709
2783520266
2783524718
2783761682
2783905694
2783951664
2783985870
2784049716
2784112207
2784120457
2784202795
2784291043
2784298200
2784333590
2784360746
2784425366
2784460859
2784524169
2784534511
2784597626
2784613995
2784644720
2784707673
2784750726
2784777674
2784783220
2784789174
2784808071
2784812862
2784818350
2784830698
2784863960
2784948906
2785001947
2785043150
2785052419
2785119895
2785180279
2785222157
2785255490
2785261171
2785289963
2785301571
2785310522
278540502
2785630070
2785657215
2785740828
2786110713
2786197941
2786203527
2786216155
2786361273
2786364056
2786386223
2786395269
2786397204
2786455255
2786527474
2786535485
2786568912
2786589844
2786602388
2786618423
2786681613
2786701628
2786732084
2786748193
2786838600
2786875513
2786936528
2786940593
2786958297
2786975738
2786982535
2787003846
2787016265
2787074998
2787086030
2787101798
2787105708
2787106341
2787107247
2787111940
2787137388
2787141758
2787146160
2787163430
2787168629
2787171762
2787173606
2787184154
2787240097
2787254808
2787271848
2787340105
2787346817
2787367862
2787388676
2787438590
2787448003
2787451014
2787454429
2787521413
2787555505
2787574348
278761594
2787618987
2787635862
2787668666
2787696692
2787720983
2787824245
2787998857
2788013311
2788016696
2788026720
2788036380
2788180871
2788188575
2788236424
2788241519
2788246943
27882729
2788274419
2788300417
2788365031
2788383599
2788522710
2788655871
2788757714
2788788842
2788816345
2788838971
2788893931
2788905381
2788941283
2788971341
2788997312
2789138395
2789172305
2789206850
2789216332
27893275
2789361444
2789422208
2789551460
2789641838
2789646663
2789692928
2789704842
2789857985
2789890544
2789958967
2789963705
2789980036
2789994463
2790002769
2790026799
2790033950
2790061805
2790069840
2790090018
2790105439
2790251398
2790346147
2790426260
2790451175
2790493073
2790536220
2790560502
2790570280
279057693
2790621740
2790663035
2790667687
2790691692
2790709344
2790717530
2790744888
2790758468
2790829345
2790862904
2790900408
2790902796
2790903822
2790919300
2791049587
2791062848
2791121294
2791146004
2791190459
2791202186
2791304763
2791529257
2791671474
2791696601
2791788961
2791979760
2792067158
2792156701
2792239634
2792401890
2792500188
2792513884
2792555895
2792600659
2792681689
2792686351
2792739625
2792749508
2792775438
2792796491
2792812482
2792833279
2792857484
2792949968
2792970811
2793007334
2793066487
2793087583
2793104246
2793149901
2793157367
2793171236
2793176232
2793187538
2793213991
2793220776
2793271477
2793280967
2793323140
2793323849
2793334104
2793420332
2793457381
2793494911
2793503419
2793575239
2793752608
2793794875
2793797630
2793807454
2793862757
2794228902
2794241797
2794361214
2794363543
2794376742
2794433202
2794629096
2794683217
2794782427
2794805484
2794812876
2794879100
2794880988
2794919719
2794983204
2795029159
2795044447
2795045768
2795048887
2795057922
2795066029
2795123358
2795141317
2795180953
2795274284
2795300617
2795332787
2795340192
2795409265
2795422793
2795442498
2795503854
2795887617
2795906819
2795953345
2795979842
2796149750
2796270355
2796340129
2796366042
2796413300
2796417967
2796471254
2796472362
2796531589
2796546096
2796607730
2796682068
2796706711
2796746353
2796746389
2796851485
2796885657
2796912859
2796994417
2797037744
2797043671
2797065298
2797100050
2797205671
2797206856
2797226650
2797247131
2797250194
2797278582
2797386391
2797610641
279764552
2797698640
2797705429
2797727929
2797749937
2797879571
2797884852
2797898498
2797899661
2797969359
2797993583
2798012368
2798081710
2798202648
2798209374
2798349438
27983617
2798365614
2798458089
2798476748
2798555545
2798561101
2798609018
2798657400
2798674870
2798695615
2798730931
2798740596
2798765632
2798870554
2798921994
2798972752
2798993499
2799002006
2799078515
2799081502
2799104168
2799136622
2799196383
2799212576
2799229797
2799332986
2799373740
2799431860
279944176
2799456027
2799533264
2799669472
2799709432
2799716452
2799751139
2799945386
2800070860
2800074589
2800144745
2800217409
2800285058
2800399955
2800498766
2800504949
2800552993
2800597605
2800644033
2800681614
2800705332
2800801418
2800816649
2800870277
2800890451
2800897534
2800955268
2801031196
2801035038
2801098073
2801213839
2801246358
2801249073
2801257911
2801269189
2801270976
2801289353
2801333568
2801333668
2801389049
2801400755
2801406892
2801465951
2801506834
2801543868
2801596709
2801607496
2801614976
2801653880
2801804309
2801806032
2801806464
2801890131
2801922943
2801966351
2801982730
2802002632
2802028379
2802052958
2802164402
2802223555
2802295410
2802380311
2802424662
2802432518
2802436365
2802469939
2802554391
2802599936
2802620881
2802635187
2802658462
2802658657
2802662834
2802684562
2802709809
2802749075
2802765676
2802781637
2802832854
2802923803
2802942983
280300903
2803014658
2803031440
2803159659
2803164406
2803286121
2803395222
2803427709
2803456048
2803468097
2803479712
2803690975
2803735032
2803844700
2803866745
2803927925
2804088314
2804120006
2804134856
2804186203
2804329145
2804335644
2804489707
2804614369
2804758704
2804818922
2804854327
2805190984
2805236131
2805249594
280527457
2805330073
2805505128
2805511958
2805563870
2805567588
2805612633
2805673956
2805862833
2805868313
2805939659
2806001857
2806046831
2806122364
2806158558
2806241105
2806258613
2806365399
2806390123
2806421277
2806434087
2806444353
2806478628
2806495690
2806526408
2806583584
2806601169
2806621593
2806652566
2806671613
28067087
2806717829
2806815183
2806818736
2806977060
2807060009
2807090997
2807156018
2807205488
2807212717
2807278757
2807341200
2807677458
2807794066
2807989242
2808096306
2808117356
280813205
2808133500
2808137828
2808375258
2808470726
2808474837
2808623051
2808827540
2808867112
28089168
2808955216
2808958140
2808958753
2808970238
2809119696
2809155350
2809156572
2809172127
2809255657
2809332803
2809341242
2809588068
2809617044
2809862046
2809880061
2809954334
2809957614
2810371464
2810556386
2810570780
2810600100
2810676792
2810701876
2810806070
2810848028
2810864653
2810888558
2811040157
2811277462
2811289127
2811428050
2811434719
2811533604
2811698041
2811764673
2811852725
2811881168
2811935974
2812018315
281219515
2812229848
2812346050
2812362302
2812379911
2812405621
2812433462
2812467954
2812505201
2812509127
2812547612
2812745721
2812881117
2812908133
2813143352
2813160674
2813223799
2813228318
2813268498
2813332094
2813429186
2813488297
2813554387
2813585407
2813660646
2813666954
2813707895
2813739728
2813776872
281380459
2813818987
2813851093
2813859864
2813904001
2813928637
2813957184
2814008060
2814019506
2814029111
2814040284
2814054248
2814133260
2814199862
2814227179
2814253249
2814284758
2814337862
2814428082
2814440696
2814459738
2814760559
281482915
2814830363
2814885768
2814902331
2814926215
2814998691
2815007431
2815155763
2815224697
2815277345
2815279566
2815300434
2815306126
2815364466
2815394001
2815436168
2815469257
2815479222
2815513658
2815520829
2815575565
2815597470
2815636153
2815679694
2815724719
2815727826
2815732794
2815739954
2815747843
2815826265
2815827402
2815834069
2815859062
2815867504
2815871522
2815931280
2815935331
2815948653
2815954778
2816077110
2816094696
2816244373
2816253965
2816356393
2816364996
2816365868
2816426420
2816482591
2816483449
2816564383
2816645488
2816700679
2817005910
2817149054
2817150558
2817162998
2817164058
2817304620
2817379032
2817410806
2817442495
2817493002
2817528572
2817600403
2817620970
2817670945
2817674678
2817767214
2817808376
2817814086
2817820231
2817823464
2817831590
2817855583
2817875556
2817936454
2817949680
2817973813
2817998665
2818084974
2818100251
2818174915
2818207203
2818220113
2818233872
2818239349
2818295858
2818304233
2818311809
2818322512
2818333431
281838753
2818443438
2818630927
2818708123
2818837478
2818847908
2818931340
2818992403
2819023525
2819125264
2819126767
2819247256
2819519893
281969442
2819802154
2819869348
2819948867
2819986516
28200350
2820119696
2820143355
2820160334
2820232394
2820281374
2820349555
2820405486
2820472418
2820476749
2820498709
2820523908
2820643880
2820700664
2820714185
2820726802
2820734602
2820786954
2820816951
2820896781
2820975998
2820996511
2821042888
2821062391
2821069051
2821072985
2821132999
2821139694
2821141736
2821150449
2821155371
2821248070
2821346056
2821438355
2821448183
2821531091
282153807
2821606501
2821614491
2821615817
2821621129
2821680299
2822040506
2822207150
2822277833
2822284399
2822300431
2822332594
2822338494
2822378416
2822441837
2822493293
2822549174
2822554717
2822566268
282265521
2822674321
2822699892
2822705365
2822712590
2822765450
282289817
2822910073
2822924550
2823014736
2823031699
2823064095
2823082149
2823116672
2823141485
2823172027
2823181610
2823224424
2823260219
2823269784
2823300554
2823310218
2823311874
2823327979
2823354477
2823423569
2823483224
2823616933
2823686005
2823722204
2823741170
2823808641
28238214
2823962213
2824015911
2824084715
2824126347
2824181683
2824193843
2824354191
2824369716
2824393625
2824413291
2824509940
2824531773
2824581613
2824635320
2824715120
2824969189
2824996522
2824998107
2825055979
2825088692
2825241209
2825260071
2825323358
2825382164
2825405435
2825416478
2825522324
2825713567
2825745114
2825763683
2825833779
2825897460
2826002223
2826046427
2826169378
2826170205
2826306403
2826318745
2826330950
2826364456
2826366919
2826410406
2826414247
2826459638
2826522878
2826525018
2826540395
2826573667
2826624542
2826721397
2826731892
2826734628
2826798216
2826800366
2826807566
2826823001
282686727
2826870480
2826893567
2826895431
2826897919
2826936636
2827004453
2827018849
2827020402
2827074612
2827207234
2827287788
2827337013
2827346120
2827351654
2827364779
2827490497
2827554384
2827903048
2827951273
2828013990
2828056508
2828072102
2828125617
2828132037
2828139544
2828231364
2828253136
2828313698
2828330745
282835211
2828406468
2828451506
2828455478
2828525894
282857754
2828640809
2828711670
2828771826
2828775566
2828850890
2828909649
2829015270
2829019274
2829025443
2829039293
2829056614
2829077171
2829092327
2829094129
2829148460
2829157612
2829175327
2829176262
2829182744
2829208970
2829215669
2829241051
2829257672
2829259302
2829307051
2829310776
2829365089
2829458972
2829532397
2829637351
2829672089
2829702361
2829730029
2829738872
2829805223
2829827707
2829894016
2829894213
2829911085
2830009696
2830047422
2830058050
2830074510
2830076499
2830084732
2830211135
2830237550
2830262322
2830284187
2830302178
2830320413
2830488368
2830537024
2830635189
2830641688
2830647121
2830746763
2830747923
2830781680
2830782441
2830784916
2830933713
2830959907
2830972236
2830974309
2830975244
2830981768
2830994999
2831015922
2831027600
2831032707
2831034898
2831045969
2831053181
2831069871
2831072273
2831076659
2831117775
2831135490
2831138559
2831145645
2831147669
2831166443
2831174961
2831176305
2831192897
2831224988
2831227769
2831241365
2831243608
2831311565
2831315632
2831339783
2831356188
2831362383
2831363289
2831371295
2831373568
2831436002
2831448850
2831490527
2831520863
2831534511
2831595922
2831598999
2831601701
2831606139
2831609987
2831618367
2831643622
2831759940
2831769015
2831804001
2831807537
2831828205
2831882025
2831920071
2831945607
2831977303
2831983429
2831989227
2832034320
2832067696
2832068498
2832127183
2832271336
2832284989
2832290796
2832301748
2832326409
2832342387
2832405116
2832452541
2832469787
2832471734
2832477016
2832503248
2832561274
2832617855
2832635534
2832650092
2832663040
283272739
2832733216
28328163
2832874197
2832896823
2833064038
2833184027
2833284949
2833320866
2833345254
2833352436
2833353044
2833408754
2833561388
2833585044
2833599255
2833599588
2833968447
2833979859
2834035965
283408897
2834128208
2834138206
2834142837
2834175220
2834181371
2834216489
2834221636
2834241334
2834284119
2834287031
2834289021
2834317625
2834344930
2834368840
2834434126
2834440515
2834449641
2834465871
2834518025
2834534488
2834535063
2834541364
2834550725
2834557148
2834561294
2834575881
2834618087
2834646197
2834647215
2834668139
2834671258
2834695607
2834695774
2834704906
2834707943
2834730652
2834741012
2834743427
2834752995
2834757280
2834790789
2834863864
2834878073
2834887115
2834888044
2834903284
2834944174
2834989948
2835016336
2835124323
2835137038
2835140367
2835141579
2835229449
2835304515
2835350936
2835366504
2835368002
2835397086
2835397532
2835401906
2835426226
2835475103
2835488103
2835527859
2835531048
2835537106
2835546702
2835556357
2835588499
2835591521
2835607198
2835686518
2835719710
2835723843
2835723900
2835731795
2835757112
2835758342
2835763222
2835775263
2835794355
2835812237
2835818146
2835837491
2835866059
2835870178
2835902657
2835954518
2835958435
2835968170
2835998128
2836007690
2836029369
2836033278
2836125322
2836162159
2836228612
283623409
2836240619
2836248333
2836283361
2836302065
2836319615
2836345420
2836352801
2836353328
2836441286
2836476423
2836481158
2836543570
2836578658
2836652493
2836681786
2836696115
2836724813
2836761841
2836785657
2836804995
2836832561
2836849225
2836875715
283692320
2836954846
2836996858
2837015837
2837037959
2837118945
2837175356
2837227504
2837229431
2837279373
2837280117
2837292579
2837349402
2837356084
2837366796
2837370979
2837371897
2837381146
2837385675
2837391643
2837416648
2837423077
2837455936
2837505485
2837550525
2837602234
2837642577
2837656659
2837713216
2837718577
2837746936
2837759734
2837875481
2837876374
2837878582
2837892202
2837912911
2837952468
2837960447
2837966127
2837971168
2837972170
2837982711
2838003227
2838031143
2838045730
2838049186
2838052977
2838100326
2838143051
2838146030
2838256043
2838265010
2838272459
2838287326
2838301717
2838331616
2838338182
2838369460
2838427992
2838428604
2838543427
2838612087
2838612644
2838644050
2838668197
2838728326
2838740991
2838749867
2838856689
2838985557
2839022056
2839105630
2839117701
2839176924
2839190284
2839314753
2839354545
2839364320
2839365077
2839436710
2839438477
2839439475
2839444696
2839462039
2839517137
2839527902
2839553429
2839577375
2839582582
2839608818
2839618970
2839619264
2839632434
2839692390
2839710890
2839781347
2839794515
2839803577
2839887204
28401870
2840212422
2840271469
2840297054
2840386969
284044012
2840478243
2840538936
2840585128
2840588091
2840643413
2840652761
2840671723
2840743600
2840758341
2840785750
2840801321
2840808203
2840817212
2840824575
2840824778
2840845885
2840896178
2840898088
2840910383
2840954147
2840968127
2840984560
2841058719
2841078495
2841085071
2841119213
2841166300
2841193848
2841194171
2841253085
2841261419
284133496
284138428
2841403899
2841412887
2841426779
2841445821
2841452754
2841461986
2841530615
2841557855
2841557901
2841583822
2841597269
2841613620
2841639454
2841652475
2841707500
2841729757
2841767539
2841774847
2841795537
2841798900
2841884831
2841886099
2842054924
2842061100
2842120127
2842120875
2842122843
2842123575
2842160277
2842169511
2842209945
28422158
2842220949
2842241584
2842251353
2842262117
2842359846
2842371113
2842376640
2842380646
2842380701
2842420057
2842436818
2842441197
2842445025
2842489483
2842562325
2842596040
2842641831
2842664320
2842702066
2842707845
2842731465
284274759
2842804909
2842848160
2842858054
2842869049
2842878112
2842913452
2843043457
2843120613
2843208628
2843255005
2843259261
2843516550
2843536503
2843625070
2843846043
2843894098
2843929299
2843930588
2843997934
2844058193
2844180843
2844201621
2844220461
2844264700
2844324627
2844416896
2844417459
2844460757
2844473392
2844542009
2844563554
2844581987
284466684
2844688413
2844748363
2844756922
2844797419
2844901940
28449359
2844978855
2844993576
2845020654
284510617
2845131279
2845238149
2845302284
2845358949
2845468070
2845500952
2845605346
2845624539
284565044
2845694777
2845698234
2845740103
2845761741
2845771079
2845820157
2845836174
2845946979
2845966053
2846012940
2846034726
2846051793
2846055043
2846105735
2846122907
2846126930
2846136124
2846137327
2846138715
2846192401
2846467192
2846551735
2846609613
2846735297
2846747339
2846822415
2846893917
2846946635
2846996114
2847059601
2847145702
2847409956
2847424080
2847552447
2847602571
2847646628
2847668087
2847669412
2847715337
2847774517
2847842646
2847846739
2847863807
2847887060
2847900481
284811440
2848133429
2848181352
2848188317
2848204924
2848272946
2848284100
2848292302
2848319060
2848481548
2848521208
2848576095
2848603513
2848668251
2848704204
28488157
2848842659
2848888497
2848926965
2848942793
2848944562
2848977882
2848978071
2849001291
2849142838
2849162679
2849234249
2849246259
2849321642
2849352948
2849363090
2849393583
2849405186
2849426448
2849433042
2849596984
2849624224
2849678283
2849877140
2849923252
2850012099
2850028775
2850194115
2850204734
2850255627
2850266557
2850513461
2850514919
2850559480
2850659216
2850752832
2850766107
2850778383
2850872776
2850916966
2850923793
2850926511
285096812
2850977470
2851013969
2851046093
2851178956
2851188038
2851365156
2851382556
2851384224
2851462129
2851473503
2851544144
2851553889
2851573509
2851591443
2851598727
2851647483
2851660402
28517713
2851780768
2851818728
2852003247
2852050728
2852108171
2852128618
2852302226
2852370663
2852414443
2852487425
2852489275
2852492248
2852642741
2852648709
2852684041
2852702765
2852728732
2852872244
2852943955
2853033811
2853129652
2853335734
2853427248
2853475456
2853482362
2853633684
2853762355
2853793701
2853805551
2853881122
2853935234
2853946413
2853947301
2853987245
2854052726
2854063640
2854171378
2854604945
285461395
2854672198
2854679544
2854687332
2854707828
2854720148
285474322
2854813228
2854842703
2854867663
2854884026
2854902978
2854925764
2854932876
28549426
2854954082
2854971416
2854994347
2855010151
2855120590
2855165234
2855185695
2855266609
2855287858
2855330129
2855331070
2855362226
2855435000
2855480047
2855666427
2855782086
2855829409
2855861409
2855940239
2856010706
2856011163
2856033592
2856173256
2856250030
2856271552
2856271814
2856300828
2856352443
2856451265
2856460387
2856471307
2856532921
2856559453
2856564018
2856632771
2856770465
2856897698
2856940490
2857063606
2857164241
2857186526
2857202024
2857216716
2857226408
2857296102
2857307016
2857318472
2857374121
2857460160
2857495940
2857499935
2857523995
2857551692
2857568941
2857609488
2857732531
2857734301
2857771104
2857780087
2857864155
2857867518
2857887944
2857905234
2857960466
2857979586
2858025275
2858037761
2858049861
2858110355
2858134871
2858192646
2858267029
2858407322
2858443164
285844732
2858470233
2858471270
2858506018
28585181
2858536119
2858575244
2858641678
2858665159
2858681654
2858749471
2859056004
2859074978
2859318534
2859374531
2859391008
2859433629
2859450280
2859502823
2859515268
2859577171
2859587263
2859733260
28597450
2859803135
2859851022
2859856096
2859877559
2860019347
2860022823
2860045026
2860073586
2860203252
2860288129
2860658473
2860871292
2860883721
2861132499
2861362751
2861382260
2861501732
2861527214
2861549448
2861561803
2861585311
2861588606
2861640384
2861708506
2861733313
2861776445
2861777831
28618036
2861808803
2861814484
2861862131
2861864509
2861893710
2861919674
2861919807
2861937149
2861987539
2862020803
2862133231
2862330660
2862453776
2862610911
2862748072
2863021326
2863021966
2863099412
2863135356
2863162121
2863202163
2863320144
286337782
2863435308
2863492044
2863748558
2863757990
2863829017
2864032021
2864078126
2864218512
2864224153
2864224344
286426637
2864339083
2864997098
28651720
2865306726
2865346747
2865880754
2866008444
2866082894
2866094642
2866510034
2866541850
2866699092
2867317885
2867493475
2867760763
2867858329
2867863322
2867978738
2868075408
2868085728
2868150613
2868200767
2868215996
2868248606
2868264132
2868286046
2868310214
2868346610
2868379218
2868419124
2868489318
2868500768
2868909840
2868936487
2868947976
286905306
2869190754
2869394072
2869471651
2869561976
2869618861
2869674859
28698461
2869879652
2870169096
2870292259
2870375988
2870447370
287067998
2870710196
28709290
2871006265
2871158450
2871699636
2871977708
2872027562
2872117927
2872149020
2872150728
2872444620
2872680307
2872737625
2872780345
2872823574
2872926350
2873073427
2873509782
2873661066
2873729353
2873806249
2873886216
287399939
2874100158
28741524
2874243649
2874362820
2874466711
2874669554
2874721501
2874826844
287492573
287499236
2875037472
2875179505
28754837
2875624092
2875824000
2875836402
2875904365
2875910780
2875957453
2875961108
2875990274
2876019242
287640089
2876509224
2876588772
2876614118
2876771815
2876794190
287697993
287725760
2877264264
2877326167
2877666836
2877714446
2877842418
2877953864
2877957913
2877999042
2878005324
2878503247
2878535450
2878608450
2878917494
287907294
2879163272
2879218182
2879255708
2879347021
2879378983
2879444486
2879632362
2879811930
2880099302
2880104095
2880192516
2880205578
28802259
2880378048
2880455792
2880462577
2880525402
2880798283
2881159244
2881173998
2881207230
2881259101
2881287277
2881384374
2881512931
2881613678
2881655502
2881836134
2881918314
2882055126
2882378647
2882496362
2882565295
2882648719
2882829690
2882833548
2882849545
2882865235
2882904541
2882911100
2882917916
2882965796
2883019429
2883102823
2883360590
2883373338
2883468854
2883604951
2883694999
2883913112
2883968269
2884070022
2884807842
2884852968
2884915968
2884933092
2885152208
2885285696
2885318822
2885591598
2885647663
2885686681
2885734134
2885832270
2885920045
288645645
2886516348
2886682062
2886770724
2886842402
2886882180
2887028035
2887833895
2887975291
2888007049
2888140440
28882145
2888229074
2888266820
2888680674
288872106
2888856392
2889158024
2889212138
2889460417
2890152217
28901619
2890264662
2890440782
2890519873
2890651238
2891005562
289104113
2891087514
2891222340
289126742
2891510526
289490370
28954941
289607643
290008273
29003775
290137961
29103119
291147842
291310493
29155260
29157656
291641341
291839474
292010819
292453746
292472201
292480362
292570498
292703475
29292341
292955923
293077251
293247865
29358168
29362733
293668931
29371593
293758378
293865768
29419129
294236607
294252447
294275908
29431077
294856286
294865816
294911315
295495204
29554296
295618359
296196279
296225579
296255231
296352111
296374317
29651991
29653986
296595412
29660537
29696561
297091204
297184647
297228027
297644646
297661176
29768127
297699965
29779697
29799857
29838664
299091004
299134973
29941072
29981625
29986370
30011311
300287390
300489029
300786427
300908637
301239294
301264371
30143417
30188972
302094639
302274344
302357550
302762515
303040319
303233865
3034991
303614816
303635804
303940211
304108048
304299898
304377933
304428516
30500021
305107035
30523058
30524565
305290376
305371107
305430740
305433319
306339455
306380641
306392469
306882723
307011224
307029833
307182956
307225964
307506273
307584252
308000188
308033935
30805498
308220027
30829875
308407039
308511262
308797860
308832091
309452735
309536542
310034598
31009750
31040154
310478542
310774109
31086237
31136822
311814478
312117970
312264235
312394778
312489787
312696314
312725895
31283631
312871411
312963136
312967191
312975297
313017939
31314395
313510302
313613486
313615734
314055513
31413258
314136906
31452669
31521491
315463732
31590175
31591896
31611251
316303968
316369035
316380933
316397067
31640341
316441509
31647333
316623000
316636799
316833753
31684443
316860563
316896587
316904925
317087623
317236984
317385302
317493730
317549563
317628172
31768689
317947090
318002226
318587937
318690814
318757496
318810938
318920545
319139082
319145696
319146907
319196855
319306826
319576498
319579498
319603324
319636316
31999768
320008917
320353050
320438386
320478918
320511036
320513189
320943119
320947600
320948281
321450424
321736238
321757588
321776719
32179808
321938229
322200712
32233286
32240720
322484496
322747977
322796701
322921532
323150588
32329529
323592376
323643421
324613224
324629430
324942450
32497528
32507704
32508431
325246257
325295651
325555261
325765360
326176182
32622476
326343499
326477382
326534863
32683023
327148952
327400349
327468843
327577057
32794204
328701971
329297201
329593624
329820358
330015195
33011329
330125812
330160505
330325941
330473222
330481460
330658125
330699946
330708285
330732361
33128909
33135872
331759806
332077326
332922673
332981378
333113921
33323646
333285853
333688436
333830844
33410102
334243978
334906910
335754069
33592745
336983598
337385258
338018288
338433771
339121641
339165305
339373138
33955727
339566435
339574363
339601420
33996870
34034518
34083622
34087189
341654662
341814309
341956010
342073359
342105890
342288757
342707387
342815498
34283550
342849123
34292108
343105007
343385255
343674167
34376333
343764553
344209049
34447217
344569749
345464694
345497264
34593758
346062069
346504535
346611886
346714563
346793336
346893534
34725877
347279137
347311894
347360715
347491307
347515798
347694051
347736204
34794844
348174495
348205395
348301016
348448407
348491691
348521100
348819004
348904571
34905479
349123601
349367804
349586095
349689453
34977967
35039044
35091743
351023163
351144247
35138760
351633541
35186621
351891529
352006773
352206912
35231502
352423216
352537632
352586387
35277914
352999567
35309994
353253097
353419094
35392456
354142940
354175985
354500805
354617828
35496013
355030555
355152353
355209313
355334344
355397589
355433590
355568525
35565544
355799891
355825599
355832259
35613637
356199261
356285402
35653376
35688919
357186851
357423120
357498600
357797656
358369560
35849010
358521305
358545917
35866018
359530857
359721680
359739448
35988886
359911091
360153986
360627881
361098428
36121474
361331732
36164763
36169875
36174482
362026177
36203413
362100909
362457180
362462385
363767427
363824987
363988731
363997196
364088347
364123963
364250202
364635844
36490969
36506165
365160009
365334311
36546167
36563254
365739444
365752442
365783222
365964296
366011411
366201149
366256329
366283555
366457877
366549844
366702258
36681297
366856989
36689779
367323969
367511757
367576223
367916669
368407642
368560223
368953677
36922206
369483257
369672980
369811916
369869543
369990232
370200976
370244722
370508872
370805163
370827550
37093993
371148012
371294588
371458467
371759975
372064932
372103720
37214798
372334875
372563847
37267257
372680501
37272097
37313897
373474887
373656096
373699256
373887866
374172856
374267182
37430405
37454491
374670993
374890411
3752371
375498270
375698751
375793742
376255732
376427968
376479998
377049525
377072646
377431968
377454958
377651604
377740930
377809802
37793407
378594095
378761391
378902181
378903570
379383463
379888186
37991042
3800001
380219301
38022929
380626726
38069317
38129643
381860992
382175051
382308153
382341539
382369638
382441661
38263975
382775588
382949414
383048295
383200963
383465756
383581914
383779839
383808441
383883683
384120881
384189557
38425325
384346094
384347595
384479467
38455245
38492769
384968498
385039710
385088612
385105449
38521391
385348343
385658646
385696730
385710270
385798671
385814354
386033347
386237060
38626501
386336311
386520098
386593599
38681866
386996956
387057670
387334888
388102448
388384888
388595415
388909958
389247003
389416399
389764331
389787150
389830064
38984928
389898003
389910442
390375365
390460439
390489594
39076082
390882638
391195431
391409328
391536787
391748251
391801702
392078103
39209162
392293004
392423237
392761465
393002630
393020126
393756935
39376520
394154988
394234937
394455058
394916752
395012583
395150032
395264515
395945047
396323289
39652554
396856468
39692629
396987467
39734687
39757751
398286913
39835648
398442738
398503721
398838569
39886074
39889850
398997174
399392154
399703754
399782563
400397957
40082439
401061279
401106613
401392152
40151031
40171779
401824511
401878281
40199550
40218752
402971440
40298306
40310301
403144770
403503301
40350614
40356537
404033053
40415342
404182384
404283016
404323982
404337543
40433776
405100143
40511180
405280179
405663219
405674565
405854651
406016303
406330837
406334712
40703920
407179782
407253509
407362748
407363712
407423538
407508934
40767068
40809013
408155207
408456371
408665158
408938152
408944818
40931791
409400792
409499739
409530337
409550944
409608373
409672141
410110310
410122007
410588904
410771762
411227740
41130114
41134351
411624652
411729578
41188469
41245709
412804900
412916738
413505368
41367821
41391550
414141288
414398508
41455567
41463556
414839104
415090204
41519423
41524890
415349092
415766394
416540142
41687358
41707415
41719889
41760496
418509953
41892729
418974596
419099404
41909971
419576499
419578800
419981467
420534948
42060960
42064253
42074662
42082673
421296153
42181561
42190212
423190062
423867640
423892826
424038222
424161269
42421438
424268790
424412749
424686782
424806929
42493186
42494562
42508854
425462828
42594892
426185966
426933738
426960342
427026425
42737663
427407182
427787245
427989981
42809715
428333337
42844321
428553085
428694491
42994150
43005186
43007858
43032864
430428591
43066180
43073327
431292326
431551961
432188448
432748599
43323095
433603126
433778530
43380830
433835797
435517917
43562620
436197677
43635221
43635770
43680435
436859926
436998316
437120433
437165684
437297067
43732403
43761460
437909323
43850315
438536188
438794270
438982211
438994889
439568423
43971523
44008449
44014234
44065910
440662908
44069158
44101470
44135496
44141275
44145969
44149794
44204171
442089094
44230765
44250141
443270650
443318340
443497092
44360769
444036551
44406740
44409179
444403902
444716100
44490453
44494953
44520714
445237208
445672371
446834017
44705381
448003627
448075858
44850086
448525219
448599719
448845116
449010707
449062291
449226485
449599788
45013828
450450963
45166511
45213336
452263467
452396896
452663386
45283657
45309395
453221269
453292509
453304207
45330854
453363506
453427796
453634057
45429460
454302181
45451746
4550591
455292623
455444298
45589100
45652195
456702179
45684760
45711301
45721910
457442648
457739500
457882654
45788740
457888023
458051074
458533617
45921449
45961286
46036970
460697784
460717355
460777404
461272759
461344573
461641739
461774075
462180923
462354525
462495783
46268933
462919496
463058021
463319999
46340918
463464452
463489904
463496495
464038057
464096199
46421599
46446488
464625936
46477114
46503530
46512467
465150273
465159660
465204956
465412549
465606946
465639489
46581397
465833138
465911271
467702232
467804574
46781015
467897298
468086486
468087788
468100472
468278460
468841864
468912326
468917474
46897912
469021752
469149195
469189091
469490824
469826652
47007436
470190367
470289903
470374082
470880589
471308363
471487282
47155605
472104619
47216815
472265508
472295753
472401475
472479954
472516307
472532945
472646573
472689535
472818945
472849980
47286619
473279639
47334164
473504628
473580649
47371263
47387185
47394710
47405998
474392234
474556898
474577887
474609984
47477842
47480338
474887754
47524597
475267303
475334066
47539455
475631185
475682772
475751579
47622504
476305464
476436146
47698983
47712248
47752015
477983383
478994800
479199512
481012159
48162057
482257478
482393146
482449024
482450546
482489483
483061870
483288555
483780271
484347539
484415668
48524874
485293634
485388736
485830139
486254563
486270421
486276461
486568168
487039635
487094457
487634160
487763178
487808232
487893987
48820814
488234766
488263543
48830265
488507677
488699703
488814533
488845157
488875305
48898385
48908324
489234794
489699551
489843628
489909556
489949379
48996256
49039510
490491827
49058385
490905792
49097621
491231968
49130613
491399551
491595324
491982175
49229061
49234326
492419014
49249754
492546829
49271728
49278191
492815891
493726972
493904982
493992242
494242724
494257164
494284777
494467323
494495783
494711966
495011347
495151305
49534986
495841653
496357718
496387121
496613420
497032261
497179728
49724410
49732747
49742773
497525635
497554534
497660077
49772593
497929894
498311964
498456571
498590634
49882115
498885358
49904614
49915511
499205054
499428540
499502564
499522139
499798329
500240347
500250612
500277028
50074999
500876194
501340747
502368920
503762166
504747177
505145875
505450801
505775222
50598619
50626802
50706037
507517668
50754525
507684263
50785104
507975361
50799278
508237790
508411102
508520522
50860476
509205913
510201195
510203749
511242257
511454301
512249750
512669284
512696611
51288412
51296086
513018928
513250944
513274705
513393164
51345290
513791004
514082136
51454300
514718550
51473266
514802621
51486226
51533511
515854530
515998177
51638648
51679505
51680298
516983657
517034014
518012086
518739724
519291508
519318699
519610043
519934046
52000157
52006553
520147320
521069477
52120866
52132735
521477001
521495786
521624522
52217877
522423273
522592215
522685515
522690464
522953003
523148310
523467582
523810048
523966434
524159710
52451365
524678152
524745474
524788308
524901955
524984357
525352469
526257457
52653338
526537146
526547475
52693001
527142460
527937455
52863232
528673333
528736220
529653455
52976046
529773323
53009112
530821510
530964531
531154269
532073847
532120327
532727261
532772082
532787029
532830974
53304883
53354129
533829434
534688523
53470038
53484777
53564482
535688170
535701643
535886838
53593164
536109071
536950156
537645896
538059298
53888440
539561484
539785206
53982548
539920436
540139443
540505958
54110490
542107753
542337152
54236711
542728417
54276394
54312130
54317216
54329377
54362299
543633367
54375655
543939119
544001732
544022019
54406221
544125873
544281842
544304202
544639658
545214643
545280401
545334149
545368259
545405183
545683339
545835170
546188392
546213542
546477438
547494370
54759933
54765243
547727700
547946638
54829664
548453619
54864534
548800224
548840135
548956907
549001386
549002207
549031928
549045297
550073044
55027611
55031894
550537872
550634927
550691160
55104790
551200721
551532316
55178801
552452241
552475782
552901792
553760714
553983682
554133930
554137937
554263487
554400244
554829362
55495078
555618763
555719602
555833003
55586995
556444193
556841336
55700370
557179438
557265175
55773932
55788787
557910585
55797066
558068099
558929794
559163613
55951726
560321063
561199892
561306762
561552375
561964889
562191004
56230246
562393058
562413984
562617680
562869875
563015011
563189195
563368798
563625552
56366011
564189776
564309378
564808520
564901583
56497637
565339258
56649139
566492902
566858982
566961499
56826641
568278064
568398344
569228641
569407990
569482666
570024563
570117028
570986573
57101202
572035780
572265625
572278761
572959002
573076951
573575074
573720840
574269162
574387871
574521629
574536367
574647893
574664610
574727841
574734304
5751192
57513010
575825682
576382564
576525725
576603704
577215903
577348994
577414177
57758595
578520254
579015370
579457916
579574476
5797952
580198337
58025272
580651595
581267437
581454660
5820642
58209656
582326644
582362778
582411609
582454167
58282687
583097764
583756751
58384619
584003889
584180446
584332764
58440682
584507801
58522849
585273426
585421545
585457122
585764076
586421939
58661424
586826310
586990882
587087958
587203189
587426237
587518378
58776043
587918689
587977882
588209865
588226577
58888419
589463431
589607287
58972021
59001488
590325199
590774897
590799729
591435623
591503128
591625584
591759165
592227620
592274249
59241933
592482577
59273270
59288836
593163383
59377377
593974342
594791911
594826831
595024592
59591983
596228750
596437864
596672741
597032675
597430227
59766979
598019543
598033324
598752257
599150480
599263244
599777096
599919123
600237163
600291752
600462171
60054555
601425440
601640713
601894629
602250562
602484344
60250268
602669903
602687997
60270973
603183953
60367635
60407878
60483494
604850352
604933485
60503503
605438312
605654757
605871402
605995862
605999000
60616388
606298917
606357050
60703301
607343902
607574821
607937366
608452385
60859525
608845726
609255979
609292345
609649719
609781025
61005396
610206135
610651157
610844327
610928031
61163131
61203140
612246197
612276940
612390495
612505596
61264561
612767191
612776159
612808124
613209239
613786883
613799740
613872094
614090797
61462159
614688454
614885798
614939187
614991593
61512994
615155758
615260784
615451696
615454993
61576038
6160792
616116143
616635926
616676231
61686723
616914139
61716324
617275697
61743930
618085182
61818364
61863430
618728120
61872915
618779319
619401870
619645021
620380090
620381659
620398345
620473046
621296624
622119390
622182827
622602249
622856370
622932874
623236042
624751365
625120129
625142664
625158598
625464243
625749454
62600720
626663239
626894267
627740504
627810199
627850008
628101460
628161099
628625394
629127032
62925519
629653192
629702816
629934214
630571143
630919192
631080608
631250713
631975770
632261562
632441274
632627381
633181008
633425188
634693809
63475185
635031584
635186789
635600932
635896126
636352886
636456991
63656102
63708854
637231539
637241000
63881090
63913014
63936407
63942180
63952352
64067242
64083123
64084755
64501512
64678757
65016988
65032455
65038722
65455647
65481872
65560586
65768848
65809327
65862175
65967633
65974890
65989951
66041908
66118221
66169692
66283427
66288597
66489118
66680387
66736801
66827240
66852252
66953593
67240902
67351264
67392866
676923
67764381
67917587
67931707
67957774
67983046
68239013
68253776
68402628
68575179
68584653
68598510
68626769
68703529
68783373
68929617
69079636
69460261
69691807
69832934
700129154
700150174
701166529
70190202
702042570
702057780
70254047
70353153
704237150
70433383
704425536
704538116
70466918
705633312
70587018
70673267
706986190
707067744
70709213
707442733
707629339
70803796
708528842
70885552
708888523
70932313
71002481
710464321
71079669
711213248
712408763
71312446
71316169
713436078
713617280
714160026
714350258
71441058
7157252
716047519
71607463
716820403
71752058
71907992
719235235
71949100
719622606
71987802
720058388
7202382
721185206
72231005
72282593
724198554
72534539
725649733
725878448
72629520
72650262
726846440
727764823
727813404
72810542
728393094
72921705
730236126
73134729
731350771
731453083
731474924
73158088
7325452
732564283
734429946
735862729
735941880
736479835
73660909
737399790
7380362
73818357
73830017
738480030
73887400
738946819
73914728
73966317
74026693
741087348
741114158
741343188
74157786
74162083
742358185
74243940
74245725
742471896
74275571
743108342
74345996
743776488
744004304
74519682
745219501
745691894
74573075
745821151
74610911
74617598
746441948
746578496
746689340
747318804
7474532
747633030
747719910
747818239
748195892
748453225
748586869
748659554
749129797
7497122
749723516
74987843
750122972
75014428
750297194
750624812
75063886
75136449
7514472
751598426
752036702
752137213
753456361
753857070
75425858
7547702
75489032
755197543
7553372
757169850
75968770
760780669
761062446
76138388
762116184
76309145
76311363
764158813
764375840
764586908
765262447
766517186
766721947
767800
767957228
768426908
769218793
77059149
770970614
77118357
771902299
771942912
77204693
772226396
772503842
772523384
773117293
77434491
774346412
774351145
774389106
775088538
775357514
775543549
77597418
77614614
776272687
77676040
77787987
77820763
77824819
778550792
778836684
780073794
780216865
780942194
78095035
781221780
781627849
78224843
782472337
782586110
782809436
78354653
783615168
78374435
784167103
785209370
785509334
786277752
78686573
786966108
78724476
78774833
78810716
78869579
790037016
79009489
790202240
792177979
79243628
792622664
792807205
793372237
795067362
79542658
795626
796421665
796903890
797158488
798345116
799149967
799369968
799545068
80035999
800732887
80099493
802041914
802105363
80211578
80320731
803726778
804441360
806245800
806573540
807331782
807594072
80800433
808022821
80847055
808886173
80897804
809918786
810456
810540192
811674510
812611700
81302729
814460658
815348754
81611485
816174973
816321133
816532555
81767956
817769456
818599754
81932049
820818900
822478945
822607872
82267235
823984194
82434332
824345454
82541664
826072081
826235383
82665123
827033816
827647958
828086198
829245067
829560650
83044632
830859110
831455804
831497496
83171664
831726643
83242536
833148212
83339474
833673914
83408014
834645908
8347742
834777175
83485256
835154923
835903020
836105180
837008262
83765450
837954758
837965185
83823746
83844024
838858525
83925339
839555382
83967867
841254302
841337354
84221722
84349678
844139450
84494474
845649349
845692699
84613819
846339439
84644533
84676526
84723355
847539775
84768671
847871929
847945159
848196925
84822341
848312203
850570502
85057798
850873598
851083538
85155870
851843479
85257316
853447896
854203626
855235304
855724261
856127575
856770570
856844928
857023604
857254580
857456761
858582938
858587222
858781170
858967058
85918337
859385414
860616457
860649121
861662798
861921476
862253905
862312976
863104693
863525576
863530238
86405742
864211819
864888913
865038870
86513333
86521650
865350384
865364473
86562069
865777986
866003270
866026147
866626268
866679116
867089798
867835975
86824002
868646149
86876322
86883438
869109943
869511486
872104483
872313104
872865499
873795637
874288633
874352437
874888082
875530044
875573178
875708666
876249608
87722354
8772882
877770079
878296699
879359454
880452864
880964766
88136391
881481092
882360066
88249900
884252689
884475318
885490776
88577398
886160659
886458961
887349078
889208220
889989264
89044514
892878320
894241309
89563043
896018820
8968472
89819170
898978434
899257938
900376537
900705962
900814286
901047296
902738112
902776112
90320462
904152896
904587308
904810734
904951717
904982148
90515250
905423522
90564572
90589357
90670486
90707752
907316874
908068501
908541212
909149042
909267596
909458395
91042156
911250108
91149626
911618880
91195264
912460765
912550567
91273330
91279573
912911366
912963613
913114862
913138123
91340242
913649514
91368865
918202789
91863448
920382685
92051191
921516091
922156898
922662102
924227953
924548360
925172942
925735152
92769076
928272938
928743410
92878580
928836482
928858284
92887141
929025944
929502218
930287736
930807019
931147934
931437494
93243882
932549318
932691637
93363347
934899944
93663419
93793323
938446158
93846612
93949976
939636246
93964319
939734738
940280540
940313436
941514594
942649916
94276115
942771151
942840631
94449004
944804173
94481981
945049771
945389864
94547797
94595486
946119547
946493520
94651101
946532148
947029754
947941812
948242766
948714337
9487272
94907108
949089464
949459489
94959801
94981578
950061000
95053482
95067738
950944050
951121448
951765638
95218535
95292643
952953122
953292674
954163836
954473934
954497179
954692460
95532423
95570898
956007938
956203052
95647531
95740043
9579352
95918302
959896830
959911999
960575401
960890612
9609552
961199455
96166005
962410447
962504210
962789539
96283549
96299565
965209016
965799175
96603688
967016827
96787330
96821382
968656285
968772606
97032520
97066440
97104547
973181190
974188734
974481980
974538697
975290935
9757502
977147540
977305051
977374076
977788400
97778856
97781331
978781933
97918344
979409904
981468054
98165383
981956810
982226023
98244687
982810537
982824469
982958096
983246322
983339575
98536110
987111476
98725417
987375390
98755996
988007136
98971882
98978043
990773642
991417058
991855057
99227921
992477000
992871366
995648755
996272419
99668738
997030142
9973802
997444831
999466969
